7
11
0 1 1 0 1 0 0 
0 0 1 0 0 0 0 
0 0 1 1 0 0 0 
0 0 0 0 1 1 0 
0 0 1 0 0 0 0 
0 0 0 0 0 0 0 
0 0 0 1 0 1 0 
2147483647 1 1 2147483647 1 2147483647 2147483647 
2147483647 2147483647 1 2147483647 2147483647 2147483647 2147483647 
2147483647 2147483647 1 1 2147483647 2147483647 2147483647 
2147483647 2147483647 2147483647 2147483647 1 1 2147483647 
2147483647 2147483647 1 2147483647 2147483647 2147483647 2147483647 
2147483647 2147483647 2147483647 2147483647 2147483647 2147483647 2147483647 
2147483647 2147483647 2147483647 1 2147483647 1 2147483647 
